phi : [ -84.83169 ,  -71.70172 ,  -75.961815,  -60.275658, -107.048256,  90.811325, -160.696   ,  -69.16092 ,  -49.48598 ]
psi : [-176.72401 ,   97.9063  ,  115.191635,  -12.832138,  -39.36508 , -22.464678,   34.066902,  165.3536  ,  107.1073  ]